1444.598
1430.36
1408.26
1394.421
1387.716
1377.034
1354.437
1340.113
1331.933
1319.803
1298.784
1281.016
1270.449
1252.973
1237.695
1218.583
1191.697
1163.16
1133.999
1111.226
1099.743
1093.374
1089.039
1089.709
1082.303
1063.95
1049.82
1033.848
1020.064
1003.435
979.0068
954.9012
928.1152
911.6921
899.4714
890.3883
894.3944
886.2854
858.2506
829.6024
801.3518
779.4945
759.9319
749.6295
739.4436
718.3729
709.5884
709.8991
711.1632
716.3658
714.4453
708.5125
705.6307
702.7523
688.8773
667.1782
651.778
645.5795
641.4397
637.3266
631.2402
618.2116
613.3495
612.5272
614.6817
621.7665
629.7043
627.4813
623.2559
620.0598
608.877
601.8327
604.8627
608.8099
612.6598
611.4136
605.151
602.9504
598.7485
592.5769
588.4667
594.3859
603.1779
601.7973
601.403
603.9793
595.48
589.0782
590.7414
588.344
583.9494
597.5889
615.9805
616.0492
619.0806
631.0283
636.7527
636.3503
633.9169
631.4839
638.0517
642.4797
643.8009
654.0637
652.1279
651.1841
661.2166
666.054
668.7768
668.4178
667.0251
663.6148
660.2186
663.8365
665.3589
666.8185
684.2162
698.3024
703.1281
713.837
721.3371
730.6779
738.8302
742.8119
748.6878
757.4281
762.9875
757.4155
752.8858
740.3823
722.0302
711.9217
699.9288
700.0815
713.1908
704.0538
689.0179
690.1758
695.275
696.2539
695.1765
698.0749
701.8871
710.5986
728.1324
738.3502
734.3653
730.3993
735.4521
732.3829
723.3185
726.3529
730.2972
720.1371
717.0929
727.054
729.8171
735.4942
743.0396
750.4236
754.6484
756.7629
765.7999
774.651
785.3185
802.7737
819.9096
828.7301
829.3645
830.9402
824.4424
815.9975
809.6363
801.3266
795.0991
788.9219
788.7946
789.6228
792.3917
786.0708
779.8021
778.5853
773.3417
770.1344
766.9317
772.7339
774.4001
758.9949
759.785
769.5182
767.0544
758.5838
745.2006
739.9822
737.8015
721.6115
714.6313
708.7179
695.855
691.1516
685.4807
672.858
647.3923
620.2855
603.5646
597.0688
596.6392
586.1811
564.8515
553.8211
541.9301
530.1926
520.6069
502.1398
497.931
503.7585
502.4655
493.1631
474.9767
460.0458
455.3205
453.6421
458.9632
463.1743
455.2926
437.5069
412.9726
396.7965
397.8491
392.8619
373.9293
362.2698
352.7707
334.3989
295.2938
263.7808
254.7434
240.8319
223.123
214.677
212.35
200.0468
181.9235
173.0721
166.3484
159.7197
156.185
150.6961
136.284
112.0884
98.26342
92.64809
83.11483
73.72527
59.47771
40.44871
26.71391
16.19162
5.832367
-3.365767
-17.42034
-28.25484
-40.91881
-59.38299
-74.55591
-79.48796
-86.33847
-93.07713
-100.7053
-106.2086
-111.6199
-120.9403
-121.1083
-130.2666
-143.2745
-156.0712
-180.6592
-218.8535
-249.4395
-265.5342
-275.3624
-278.0212
-279.6222
-290.1818
-302.5598
-315.7271
-333.6705
-339.3147
-342.8509
-357.3119
-372.5265
-384.482
-395.2286
-409.7844
-427.0892
-443.0993
-454.8337
-466.3585
-472.6763
-473.8678
-483.0128
-498.9869
-521.6827
-539.9941
-552.9884
-567.7475
-585.2433
-615.4319
-647.1139
-666.2641
-678.0766
-703.6651
-728.8133
-736.5267
-745.0766
-764.4493
-787.4752
-801.0958
-803.457
-803.7341
-810.9597
-823.0248
-834.8536
-840.4487
-844.9072
-857.2466
-869.3431
-878.2
-887.8672
-897.3314
-906.5954
-913.6618
-919.5642
-926.3205
-929.917
-932.4029
-935.7951
-944.0793
-948.179
-947.1588
-952.0989
-956.9059
-961.5818
-963.1283
-961.5939
-956.0269
-955.4905
-966.9062
-978.087
-984.0362
-1002.835
-1032.281
-1048.208
-1054.825
-1054.277
-1053.675
-1063.02
-1070.157
-1072.121
-1074.99
-1078.752
-1080.391
-1078.942
-1058.451
-1040.218
-1043.207
-1052.089
-1050.77
-1052.41
-1071.963
-1093.148
-1107.938
-1114.433
-1120.761
-1128.924
-1136.894
-1141.673
-1142.31
-1140.87
-1141.385
-1141.825
-1151.191
-1160.343
-1156.284
-1154.22
-1153.121
-1148.971
-1151.818
-1159.553
-1155.099
-1151.647
-1161.181
-1165.498
-1164.679
-1163.804
-1161.875
-1164.907
-1163.823
-1161.688
-1174.518
-1185.078
-1188.405
-1195.609
-1198.631
-1196.535
-1203.402
-1220.09
-1231.447
-1236.554
-1244.509
-1248.267
-1245.892
-1251.482
-1255.91
-1260.196
-1269.341
-1270.269
-1272.107
-1279.842
-1281.381
-1284.821
-1286.131
-1280.346
-1279.575
-1282.741
-1278.783
-1268.81
-1263.919
-1262.029
-1266.095
-1269.022
-1277.83
-1293.424
-1306.7
-1325.692
-1333.31
-1330.731
-1329.113
-1325.443
-1322.752
-1304.026
-1296.514
-1303.043
-1305.394
-1307.631
-1305.756
-1307.834
-1309.803
-1318.663
-1331.308
-1336.678
-1333.885
-1331.057
-1333.195
-1337.221
-1344.106
-1349.804
-1351.334
-1352.761
-1351.086
-1337.357
-1327.764
-1340.242
-1348.447
-1341.445
-1335.473
-1342.515
-1346.369
-1342.083
-1343.786
-1351.382
-1352.781
-1349.079
-1351.354
-1348.515
-1342.64
-1339.778
-1343.882
-1349.842
-1348.63
-1340.358
-1339.136
-1346.854
-1356.373
-1359.663
-1360.822
-1359.883
-1354.879
-1362.873
-1375.663
-1374.172
-1362.624
-1352.175
-1347.81
-1351.434
-1348.921
-1341.369
-1336.854
-1333.332
-1327.786
-1317.249
-1309.799
-1299.387
-1286.061
-1264.868
-1243.93
-1234.245
-1225.639
-1215.094
-1194.643
-1178.44
-1173.42
-1155.41
-1134.612
-1124.071
-1109.629
-1093.347
-1075.254
-1055.38
-1033.753
-1017.403
-995.2482
-951.38
-906.1395
-876.5507
-849.3715
-821.566
-788.1455
-755.1996
-726.7227
-693.6469
-665.0457
-631.8513
-599.137
-561.8974
-518.2052
-487.1634
-449.5769
-404.5496
-368.2003
-329.3959
-287.1769
-246.599
-214.639
-187.1645
-143.1072
-105.7281
-71.92546
-29.64539
9.977448
61.98215
108.1727
145.6369
199.5087
246.5291
286.8021
330.4305
365.3595
403.7227
450.4641
500.4505
548.6284
596.0231
636.6441
676.5945
728.8825
782.3127
831.8641
879.5941
923.5286
975.7239
1024.048
1062.559
1106.408
1149.508
1188.868
1234.546
1286.438
1326.447
1359.753
1396.461
1431.514
1460.937
1489.816
1524.156
1560.872
1596.923
1641.319
1681.926
1698.8
1721.313
1767.372
1815.611
1852.99
1881.678
1916.808
1967.278
2003.845
2045.724
2087.831
2109.157
2133.028
2156.401
2178.282
2198.695
2219.66
2247.167
2273.113
2291.521
2309.508
2328.078
2344.223
2363.977
2380.285
2388.198
2403.847
2416.11
2425.041
2438.689
2450.982
2462.939
2472.565
2452.896
2436.388
2446.995
2452.293
2459.364
2478.179
2483.556
2476.702
2483.81
2494.661
2504.195
2512.434
2521.397
2529.072
2523.478
2514.823
2507.155
2500.459
2499.721
2498.847
2496.839
2489.715
2489.557
2493.254
2482.747
2468.257
2461.848
2466.394
2471.724
2465.826
2450.874
2433.011
2429.283
2428.471
2416.528
2401.629
2390.821
2386.041
2385.195
2384.222
2384.124
2373.888
2350.671
2331.678
2308.844
2290.23
2291.771
2291.153
2271.41
2247.841
2229.507
2210.328
2189.317
2169.506
2149.875
2116.423
2086.368
2075.659
2060.994
2056.437
2045.83
2016.267
1980.047
1941.274
1918.991
1892.943
1869.19
1851.697
1823.367
1800.372
1774.629
1746.183
1726.078
1699.184
1667.61
1645.43
1637.499
1624.595
1596.796
1565.337
1532.276
1507.64
1495.3
1478.063
1456.009
1438.212
1404.609
1376.447
1361.642
1334.989
1308.672
1292.688
1280.877
1267.176
1253.613
1225.188
1197.134
1188.446
1131.825
1073.019
1066.066
1056.159
1048.344
1041.59
1033.879
1014.228
984.8227
964.8181
952.0686
941.4618
925.965
915.6552
926.4524
926.0266
912.5529
913.2357
909.854
891.4715
865.3231
841.5313
826.0607
813.7827
792.6482
760.7965
746.3964
733.1768
710.1201
691.3809
655.8932
621.92
599.4397
585.2745
569.2956
549.5323
547.0447
543.5636
519.1047
492.9965
469.2664
448.8784
439.7818
434.8011
424.8724
415.0735
396.4029
371.0
345.9711
323.312
305.987
285.9141
267.1372
249.6372
237.3954
218.3303
194.5496
176.1281
161.9833
143.0494
122.4022
105.0696
91.00101
83.14631
67.40913
58.91327
50.54636
27.30688
4.427998
-12.09456
-17.35888
-28.54014
-44.54545
-61.29869
-81.7872
-86.95155
-91.03031
-97.04015
-98.95061
-100.8255
-99.66518
-108.5171
-121.2247
-123.7271
-125.1832
-142.6093
-158.7554
-166.6405
-176.3929
-175.9829
-175.569
-184.1512
-188.5888
-183.9461
-187.365
-202.7196
-209.8229
-207.8032
-213.8027
-220.6962
-222.4692
-216.2014
-203.0186
-206.0294
-208.9811
-207.8745
-223.7729
-241.4104
-243.7587
-241.0561
-242.3814
-239.6719
-246.9904
-262.1804
-264.1181
-258.0101
-253.9822
-253.002
-264.0223
-272.8553
-276.5345
-284.1402
-284.6106
-287.057
-292.4483
-304.7384
-310.819
-299.7866
-287.9084
-289.1985
-303.4515
-308.4645
-303.3812
-298.3594
-290.3982
-289.5441
-281.6862
-264.9342
-255.4277
-249.0543
-241.7656
-241.5763
-247.3757
-254.0702
-269.6453
-272.9619
-271.2107
-282.4708
-293.5389
-294.4171
-296.2643
-305.0653
-295.7112
-277.4855
-268.5275
-271.6933
-289.7938
-299.5951
-292.226
-288.9546
-295.7172
-303.357
-308.8599
-318.2588
-315.4926
-303.7508
-306.1743
-303.5419
-292.9327
-291.4716
-293.0161
-294.5193
-307.9817
-328.2161
-337.1159
-334.8571
-342.6138
-357.2295
-365.5963
-371.8113
-373.9075
-370.949
-368.0148
-370.1048
-377.1403
-385.0441
-397.8021
-409.3378
-405.6696
-400.0348
-415.4643
-423.6288
-420.6412
-426.6754
-427.5904
-429.4661
-432.2872
-426.0389
-428.863
-439.6178
-444.1792
-447.6433
-451.0271
-455.3316
-460.5422
-455.6446
-455.7964
-466.919
-478.8409
-490.5487
-496.0451
-505.4267
-519.6323
-528.5859
-535.3689
-546.0147
-558.4624
-565.6833
-572.7583
-586.6894
-601.3689
-605.7842
-610.095
-623.3028
-629.2682
-636.1035
-648.7948
-660.2502
-660.4883
-654.6837
-659.9311
-671.0578
-679.9716
-687.7063
-692.2801
-698.742
-711.062
-723.1481
-733.0034
-743.6619
-756.1105
-758.3206
-767.4516
-774.3953
-773.1852
-778.9485
-783.5762
-791.0856
-802.4314
-814.5532
-824.4382
-836.1205
-848.5717
-853.7787
-857.8545
-862.8162
-862.6497
-866.4351
-886.1106
-908.4273
-919.3428
-922.0341
-920.6292
-924.192
-926.6449
-932.0051
-951.2269
-971.0932
-984.5927
-993.8239
-1004.853
-1017.65
-1025.189
-1027.55
-1029.813
-1039.981
-1058.928
-1073.519
-1085.818
-1093.862
-1094.716
-1104.492
-1115.051
-1132.38
-1161.373
-1189.845
-1215.803
-1231.285
-1244.454
-1261.344
-1281.896
-1296.053
-1296.913
-1298.683
-1307.349
-1315.804
-1320.049
-1338.15
-1359.891
-1365.213
-1367.371
-1385.415
-1399.097
-1403.483
-1413.718
-1432.711
-1452.323
-1456.544
-1466.614
-1485.44
-1508.885
-1523.877
-1529.545
-1539.034
-1556.285
-1572.176
-1572.727
-1573.176
-1571.526
-1564.809
-1563.105
-1575.335
-1596.282
-1602.809
-1607.14
-1629.309
-1646.036
-1647.406
-1653.657
-1665.714
-1670.485
-1669.083
-1663.605
-1664.114
-1669.517
-1679.738
-1695.701
-1697.315
-1686.805
-1687.359
-1696.805
-1705.004
-1718.975
-1727.627
-1740.043
-1760.163
-1772.866
-1790.266
-1805.29
-1800.974
-1795.619
-1802.242
-1815.656
-1829.754
-1841.524
-1858.003
-1869.116
-1879.945
-1893.495
-1888.722
-1886.913
-1896.021
-1896.876
-1900.606
-1915.166
-1930.386
-1943.255
-1954.81
-1963.069
-1969.085
-1964.89
-1958.646
-1967.384
-1976.869
-1972.091
-1966.271
-1972.426
-1983.369
-1984.024
-1982.553
-1981.989
-1978.317
-1973.585
-1974.811
-1980.902
-1988.782
-1995.421
-2003.84
-2018.01
-2021.841
-2020.492
-2026.046
-2035.394
-2029.477
-2024.532
-2030.546
-2035.346
-2032.952
-2018.475
-2013.105
-2010.701
-2009.216
-2015.635
-2016.836
-2014.9
-2027.875
-2043.529
-2050.818
-2058.874
-2066.682
-2077.247
-2073.526
-2066.74
-2072.939
-2074.919
-2079.745
-2095.374
-2108.636
-2113.568
-2117.298
-2109.846
-2103.386
-2107.902
-2112.224
-2118.355
-2118.265
-2115.052
-2118.765
-2118.295
-2118.707
-2126.989
-2119.016
-2103.043
-2095.195
-2094.346
-2098.387
-2088.242
-2078.131
-2081.056
-2082.813
-2088.42
-2096.817
-2098.959
-2088.944
-2079.963
-2083.999
-2088.85
-2091.502
-2095.99
-2098.285
-2105.42
-2113.321
-2111.974
-2112.525
-2125.942
-2135.026
-2134.841
-2133.534
-2117.122
-2103.842
-2101.644
-2099.357
-2092.982
-2076.583
-2076.318
-2082.934
-2082.325
-2081.603
-2080.77
-2081.828
-2086.747
-2095.466
-2096.927
-2089.242
-2084.553
-2090.815
-2093.857
-2102.727
-2121.336
-2132.529
-2131.423
-2127.209
-2125.936
-2129.557
-2137.996
-2149.178
-2166.059
-2178.55
-2195.719
-2215.49
-2221.823
-2225.927
-2226.836
-2223.6
-2221.283
-2218.872
-2218.368
-2215.741
-2211.025
-2207.252
-2221.409
-2230.213
-2232.749
-2242.115
-2242.202
-2248.156
-2263.885
-2270.235
-2262.353
-2255.461
-2251.543
-2253.554
-2257.401
-2254.056
-2246.629
-2236.187
-2226.776
-2222.379
-2215.921
-2193.433
-2176.166
-2173.041
-2173.836
-2177.491
-2171.962
-2164.391
-2152.81
-2139.283
-2111.842
-2082.704
-2071.897
-2060.138
-2042.44
-2022.897
-1998.541
-1973.447
-1952.627
-1936.017
-1926.552
-1913.122
-1890.788
-1869.69
-1846.812
-1817.181
-1797.906
-1780.825
-1746.905
-1710.411
-1689.386
-1675.589
-1657.907
-1641.404
-1615.062
-1582.035
-1554.43
-1524.163
-1489.279
-1460.851
-1427.78
-1399.14
-1385.864
-1362.714
-1337.844
-1313.283
-1282.028
-1244.184
-1200.858
-1164.135
-1130.917
-1095.15
-1061.875
-1023.057
-979.7839
-947.1274
-919.9242
-891.0908
-860.6543
-825.6416
-781.1262
-737.2585
-692.0312
-649.468
-608.53
-564.1942
-528.5161
-492.3632
-457.7446
-419.6387
-382.102
-344.1279
-296.7255
-243.0443
-175.1856
-116.3742
-78.47258
-41.15707
-2.420723
34.71203
78.26398
126.1325
164.2476
198.759
239.7207
284.03
312.6319
335.7696
368.527
399.7521
432.467
452.6466
467.485
490.0648
515.2637
546.0395
571.3035
597.1402
629.5391
666.396
700.6392
716.3076
726.6896
739.867
750.7955
766.5095
792.9335
824.899
846.3178
853.3529
858.2281
866.9769
876.5385
896.8993
927.89
955.3432
976.3124
1006.897
1037.946
1049.45
1055.714
1069.817
1077.638
1075.273
1087.882
1102.231
1107.291
1113.207
1118.965
1123.567
1121.032
1129.47
1149.711
1161.568
1169.172
1180.589
1188.758
1185.731
1180.681
1180.64
1181.53
1181.336
1184.077
1185.705
1183.237
1175.739
1166.288
1175.916
1185.325
1178.517
1166.746
1155.09
1149.548
1141.024
1131.567
1124.19
1116.861
1110.582
1103.335
1097.136
1091.969
1079.818
1067.794
1060.894
1059.039
1052.15
1040.307
1024.587
1009.053
993.7009
977.5297
965.5533
955.7066
955.9573
946.1478
929.4356
922.9291
914.4697
905.0884
904.8001
906.4631
890.047
872.8343
856.8387
828.0419
791.6454
769.7694
764.1891
745.6509
726.3577
718.3225
713.3703
707.4533
694.587
679.8803
672.3629
660.9231
635.6227
617.6793
624.9792
631.1286
620.1451
610.2963
595.5652
571.0286
541.8409
516.0762
494.6826
469.5935
452.8678
437.3762
426.1002
413.975
399.0143
390.2634
377.6259
365.1632
346.8732
326.848
315.1156
297.5476
280.2359
263.1775
238.3695
225.9341
215.6793
203.5716
185.6406
166.9782
152.5968
132.4306
116.571
106.9516
100.4759
93.0952
85.82407
70.66122
58.73054
44.98235
23.44578
1.243504
-10.61281
-21.2837
-45.78703
-63.90575
-73.73833
-90.41331
-114.8231
-139.8457
-159.47
-177.7791
-197.7924
-219.4822
-235.821
-252.8913
-274.6806
-292.1142
-308.2588
-316.1338
-321.8673
-336.4926
-347.8701
-346.0498
-359.2375
-386.1985
-409.7166
-431.8441
-440.6013
-448.1961
-455.6461
-464.9532
-480.0879
-488.9584
-501.6619
-512.1379
-518.4205
-517.5747
-526.7116
-542.6751
-553.3578
-570.8416
-582.0191
-592.9883
-608.7516
-620.2335
-627.4999
-640.6162
-658.4903
-673.0472
-680.3376
-678.4743
-672.6001
-670.778
-677.9448
-694.9599
-706.669
-704.154
-707.6368
-721.0237
-731.1594
-736.0943
-743.9088
-758.5579
-762.9339
-761.1969
-763.4422
-766.6076
-774.6785
-786.578
-793.2458
-792.763
-794.2412
-798.6496
-797.9423
-798.199
-808.4048
-813.404
-815.2775
-823.0737
-819.7001
-812.3307
-813.0285
-817.6675
-828.186
-834.492
-836.6507
-827.7265
-805.8928
-802.352
-815.8191
-826.0283
-825.0299
-817.9984
-821.0283
-831.9627
-842.6777
-842.1762
-839.6329
-847.0798
-851.361
-854.5253
-863.59
-870.4625
-878.1768
-881.7192
-883.1546
-880.5156
-867.8659
-866.3624
-868.8313
-860.2105
-842.6736
-825.3603
-810.2684
-792.3641
-779.6922
-772.172
-760.7236
-755.409
-750.1328
-733.8946
-714.8663
-701.0926
-692.4922
-685.9851
-683.5391
-682.091
-678.6252
-674.1736
-678.7518
-680.2186
-675.6224
-674.0582
-672.4786
-673.8841
-683.228
-693.386
-694.345
-688.2482
-680.2059
-666.2489
-655.4703
-657.8211
-653.0965
-650.4072
-655.7214
-647.9143
-643.1908
-649.503
-660.6787
-674.6413
-673.3467
-667.0325
-666.7775
-671.4872
-682.084
-691.4754
-693.6798
-693.809
-691.8954
-676.971
-669.2394
-693.5889
-719.5182
-726.001
-735.3401
-744.4904
-750.4542
-762.2809
-770.8785
-776.2966
-781.5846
-787.7442
-795.7615
-799.607
-800.3454
-795.0252
-798.7412
-814.3522
-823.672
-822.7982
-822.8894
-839.9309
-855.6574
-861.0884
-868.384
-871.5149
-873.5457
-882.4935
-875.2499
-868.0676
-877.9463
-869.6192
-869.3707
-887.075
-895.4512
-901.644
-894.6873
-887.7864
-895.9407
-911.9153
-916.5872
-912.1324
-917.6932
-926.1135
-936.348
-953.368
-972.0665
-980.4165
-993.5786
-1011.477
-1032.037
-1047.217
-1058.097
-1073.747
-1082.089
-1086.237
-1101.257
-1119.978
-1121.341
-1122.617
-1130.808
-1149.804
-1168.436
-1176.709
-1197.784
-1221.46
-1234.695
-1243.651
-1232.395
-1217.241
-1217.252
-1216.191
-1228.075
-1255.702
-1278.824
-1289.51
-1299.954
-1318.159
-1328.003
-1327.615
-1335.154
-1353.498
-1368.477
-1384.141
-1392.48
-1389.607
-1389.697
-1396.703
-1413.518
-1421.988
-1426.242
-1443.346
-1462.099
-1477.473
-1497.521
-1516.168
-1534.436
-1546.328
-1548.944
-1563.428
-1580.595
-1590.401
-1598.96
-1609.292
-1626.369
-1642.084
-1648.457
-1648.633
-1649.71
-1654.673
-1656.462
-1659.126
-1672.65
-1686.865
-1687.759
-1684.54
-1687.272
-1691.863
-1701.283
-1714.455
-1729.322
-1736.855
-1739.168
-1744.343
-1754.334
-1771.067
-1786.435
-1801.458
-1804.141
-1796.676
-1803.222
-1818.559
-1832.551
-1847.217
-1856.546
-1864.62
-1872.458
-1890.064
-1912.285
-1916.047
-1909.638
-1910.216
-1917.673
-1925.9
-1936.886
-1950.587
-1961.959
-1973.039
-1980.83
-1993.383
-2011.623
-2020.46
-2027.041
-2022.401
-2019.713
-2030.948
-2040.889
-2042.555
-2042.075
-2044.482
-2048.732
-2053.795
-2059.657
-2067.308
-2073.717
-2078.905
-2083.89
-2090.675
-2097.231
-2105.561
-2111.638
-2117.495
-2125.137
-2133.535
-2140.676
-2144.58
-2138.297
-2134.986
-2142.601
-2151.971
-2161.068
-2155.896
-2147.678
-2147.462
-2149.123
-2153.632
-2161.943
-2167.998
-2176.831
-2184.399
-2188.72
-2195.845
-2194.73
-2202.502
-2213.024
-2214.252
-2228.331
-2253.059
-2266.269
-2264.14
-2246.911
-2234.818
-2234.782
-2227.615
-2223.429
-2223.178
-2207.8
-2195.532
-2202.326
-2200.885
-2196.336
-2197.73
-2188.972
-2173.222
-2166.59
-2170.934
-2176.082
-2173.023
-2165.883
-2159.727
-2162.54
-2174.182
-2184.515
-2192.559
-2208.348
-2223.762
-2226.804
-2224.669
-2221.435
-2221.122
-2220.683
-2216.12
-2194.499
-2174.085
-2171.862
-2179.546
-2185.982
-2184.189
-2182.296
-2167.304
-2158.418
-2164.544
-2169.447
-2171.146
-2176.691
-2190.022
-2191.015
-2182.864
-2186.712
-2193.371
-2200.797
-2204.978
-2199.965
-2199.9
-2197.707
-2193.419
-2188.069
-2179.674
-2180.281
-2183.751
-2182.038
-2191.224
-2198.137
-2201.814
-2219.303
-2230.39
-2227.172
-2223.874
-2229.496
-2239.899
-2236.008
-2231.046
-2245.031
-2262.666
-2266.893
-2271.921
-2282.737
-2285.249
-2281.589
-2283.851
-2285.943
-2276.869
-2266.802
-2258.758
-2259.707
-2268.508
-2271.038
-2267.395
-2269.676
-2266.788
-2257.81
-2261.841
-2271.675
-2278.222
-2279.533
-2273.69
-2268.804
-2269.861
-2276.767
-2285.433
-2296.829
-2296.912
-2289.858
-2301.78
-2316.38
-2328.617
-2344.526
-2357.049
-2360.238
-2352.239
-2349.226
-2353.122
-2361.818
-2365.24
-2363.47
-2362.588
-2356.581
-2344.53
-2340.528
-2341.45
-2329.221
-2315.045
-2314.954
-2318.727
-2314.306
-2318.818
-2328.122
-2327.144
-2324.045
-2321.857
-2316.567
-2318.223
-2315.717
-2314.113
-2312.398
-2296.574
-2288.861
-2290.134
-2282.252
-2269.358
-2268.532
-2275.586
-2272.396
-2265.121
-2255.827
-2244.546
-2232.308
-2217.129
-2202.057
-2192.09
-2185.149
-2170.188
-2149.332
-2120.676
-2094.341
-2075.293
-2050.421
-2025.815
-1994.474
-1963.504
-1945.902
-1917.459
-1890.347
-1873.546
-1850.897
-1824.492
-1797.391
-1770.606
-1753.135
-1739.833
-1719.637
-1684.654
-1646.116
-1614.083
-1581.454
-1548.241
-1512.454
-1472.136
-1437.36
-1408.042
-1372.097
-1331.632
-1300.72
-1269.212
-1235.121
-1202.489
-1159.294
-1120.705
-1079.651
-1035.174
-998.3286
-955.9989
-906.2727
-852.2681
-802.0552
-758.5776
-709.7332
-663.6082
-625.1631
-581.2803
-539.0473
-499.4408
-460.4222
-418.9847
-381.1683
-347.9189
-315.1673
-276.9076
-225.2279
-175.3405
-124.2202
-72.88939
-33.35432
8.566536
57.83351
98.32922
142.188
194.3548
235.6971
266.3812
294.5714
317.3049
349.6655
389.5011
429.693
466.2331
499.1763
528.5767
550.4877
577.0247
597.1144
619.8557
651.2062
669.0297
694.5361
724.6039
738.1606
764.4626
800.3098
828.5511
856.3035
879.573
897.428
909.952
918.2273
926.3197
946.2315
981.7772
1012.711
1032.104
1046.133
1064.882
1080.276
1085.367
1101.314
1122.948
1131.179
1139.215
1153.058
1170.618
1183.835
1185.777
1194.619
1206.252
1210.634
1213.875
1225.995
1242.854
1253.377
1262.663
1279.729
1298.454
1305.811
1304.976
1305.078
1312.101
1322.938
1328.527
1337.952
1343.151
1336.189
1331.258
1333.325
1336.281
1334.113
1334.9
1331.596
1325.265
1321.955
1316.619
1309.288
1306.995
1322.66
1335.003
1333.076
1330.1
1324.092
1319.1
1324.107
1329.959
1326.641
1312.297
1295.1
1287.094
1278.137
1268.244
1250.431
1231.822
1215.43
1193.222
1179.291
1175.507
1172.713
1168.894
1161.065
1158.29
1161.491
1162.573
1150.569
1129.686
1121.061
1108.505
1091.079
1080.86
1066.737
1042.772
1026.119
1012.665
1000.361
993.1897
976.072
964.1638
957.3843
947.6542
944.0202
939.3871
928.771
908.2657
887.0265
867.0663
847.3661
829.9232
810.7034
797.7354
786.9226
770.2319
760.756
756.383
751.0337
750.7237
749.3742
735.0018
709.81
687.9691
672.4281
658.0899
646.9363
635.9186
613.0352
591.4723
570.2108
557.2471
554.4526
537.6692
511.1157
483.946
457.1713
441.7871
437.6166
428.4853
410.4712
388.7137
382.2724
379.9091
363.5602
351.4448
342.4975
333.6695
328.9594
323.3034
301.7165
281.4483
282.4795
280.4779
277.491
272.5344
253.639
230.0231
206.7618
184.8508
169.2705
157.923
140.7431
123.8227
113.1588
102.6544
86.30765
75.21063
64.28215
43.5202
21.07928
1.986881
-5.80806
-5.481168
-4.159049
-8.857291
-17.48179
-20.97083
-24.40427
-34.78275
-51.99742
-66.94074
-67.6472
-73.33868
-90.93714
-106.2559
-122.3298
-137.1458
-142.7229
-144.2047
-154.6549
-165.9331
-177.0257
-186.9351
-196.6791
-213.2596
-229.5692
-236.6111
-232.5293
-237.4974
-253.3742
-264.9885
-272.4064
-283.6925
-296.7861
-305.6581
-310.3739
-318.998
-331.4688
-343.7258
-359.7715
-384.546
-390.9118
-388.1553
-385.4189
-382.7025
-389.006
-389.1883
-381.3449
-369.6013
-369.019
-371.4241
-375.7698
-387.0257
-399.0835
-405.9299
-407.6456
-414.3106
-421.8473
-429.2418
-436.4957
-441.611
-440.6204
-441.6194
-451.5769
-450.3525
-444.1208
-444.9601
-451.7601
-448.4277
-447.1208
-449.8079
-440.4267
-434.1658
-432.977
-439.7812
-452.4535
-450.9016
-448.3474
-442.8067
-429.3263
-431.0308
-438.6833
-440.1908
-442.6489
-441.0426
-439.4354
-442.8274
-435.1404
-430.5477
-433.0012
-435.391
-441.718
-439.9204
-429.1249
-429.4725
-426.7894
-415.1231
-415.6141
-408.0731
-400.6256
-403.2706
-391.8507
-375.5857
-370.5521
-370.5752
-375.5761
-383.4769
-389.232
-398.8745
-400.3432
-403.7655
-414.1108
-414.2704
-410.4031
-404.572
-400.8079
-400.079
-401.3379
-407.5535
-410.6483
-410.6707
-415.6686
-422.5641
-419.3273
-409.1163
-404.0403
-395.0196
-387.1163
-383.3134
-378.5472
-383.833
-393.0139
-396.0285
-398.9729
-393.8479
-381.7795
-376.8768
-378.0283
-379.1397
-370.2114
-366.4004
-372.6273
-378.7353
-387.7257
-398.5532
-403.1885
-402.7278
-408.2506
-418.6634
-423.8891
-427.0085
-429.0541
-421.0426
-416.1312
-423.2718
-431.2762
-440.1305
-449.8209
-455.3338
-455.734
-462.1012
-474.3419
-480.364
-486.2639
-494.0433
-498.6724
-504.2
-511.6117
-511.8779
-513.1097
-512.2922
-498.4573
-480.8087
-464.4069
-458.2334
-460.1291
-454.9683
-463.8611
-482.5881
-496.9948
-511.1477
-523.0499
-532.7358
-540.2394
-549.5943
-551.771
-563.8813
-575.7696
-576.4388
-582.0636
-587.5666
-592.9492
-596.2131
-601.391
-611.4529
-629.322
-643.8754
-648.1642
-653.348
-659.4126
-668.3439
-682.0966
-691.5949
-699.9044
-704.0432
-703.076
-706.0826
-710.0007
-712.8161
-714.5457
-718.2064
-724.7677
-731.1841
-737.4576
-741.59
-741.6143
-745.5947
-755.4692
-757.1453
-754.7506
-757.3488
-758.8619
-755.3068
-751.7625
-758.2294
-764.5507
-767.7285
-770.8116
-772.8013
-780.7145
-787.4584
-790.0509
-795.5564
-799.9294
-802.1872
-804.3626
-810.4568
-825.4083
-843.0783
-856.4233
-872.5099
-883.2944
-891.859
-897.2375
-895.4794
-898.696
-899.8096
-897.8529
-902.8738
-907.7634
-911.5233
-925.1711
-936.5516
-941.6996
-946.712
-944.5906
-944.4466
-952.2493
-967.8744
-984.199
-989.2114
-999.0875
-1027.751
-1039.907
-1035.813
-1034.721
-1029.586
-1036.47
-1047.185
-1056.672
-1065.949
-1072.019
-1082.931
-1089.609
-1098.119
-1111.432
-1115.472
-1114.383
-1113.246
-1119.062
-1121.72
-1129.272
-1142.639
-1146.731
-1147.692
-1148.57
-1151.367
-1160.053
-1172.535
-1174.753
-1179.868
-1196.834
-1206.464
-1202.874
-1197.269
-1194.68
-1207.062
-1235.18
-1253.786
-1267.03
-1286.992
-1302.567
-1320.823
-1335.717
-1345.3
-1374.655
-1402.471
-1413.771
-1424.812
-1443.597
-1464.004
-1479.007
-1487.689
-1483.148
-1474.591
-1480.08
-1486.396
-1490.527
-1498.506
-1505.272
-1512.844
-1519.209
-1523.385
-1515.407
-1520.464
-1540.353
-1559.841
-1565.934
-1555.839
-1550.811
-1558.769
-1569.512
-1573.995
-1569.316
-1568.617
-1581.836
-1592.757
-1605.413
-1612.778
-1610.933
-1611.022
-1605.015
-1603.007
-1605.936
-1601.726
-1598.486
-1599.203
-1597.815
-1594.354
-1591.854
-1593.299
-1591.627
-1581.889
-1580.209
-1576.462
-1576.681
-1592.803
-1619.58
-1638.845
-1643.713
-1643.408
-1636.012
-1629.634
-1631.26
-1635.765
-1640.103
-1649.276
-1655.21
-1653.954
-1656.62
-1651.147
-1640.663
-1645.245
-1649.659
-1638.908
-1633.227
-1624.539
-1601.891
-1593.502
-1605.15
-1607.521
-1614.762
-1627.794
-1638.527
-1642.997
-1628.3
-1623.737
-1624.15
-1608.46
-1601.92
-1606.388
-1605.692
-1607.912
-1624.003
-1641.748
-1647.12
-1651.311
-1659.34
-1669.145
-1681.7
-1695.96
-1690.899
-1686.816
-1694.698
-1699.358
-1704.845
-1707.146
-1714.311
-1719.263
-1710.038
-1689.855
-1671.887
-1676.102
-1684.152
-1679.977
-1679.768
-1685.464
-1687.972
-1697.342
-1713.465
-1719.237
-1724.817
-1736.209
-1734.321
-1731.361
-1732.345
-1724.212
-1716.104
-1715.022
-1726.855
-1736.402
-1733.698
-1729.935
-1715.128
-1697.452
-1691.951
-1695.436
-1702.767
-1703.884
-1699.883
-1699.844
-1703.707
-1705.409
-1698.984
-1698.559
-1703.041
-1715.353
-1733.372
-1748.008
-1758.313
-1759.354
-1758.276
-1754.111
-1753.907
-1757.604
-1758.14
-1761.564
-1763.831
-1757.959
-1758.076
-1771.087
-1781.791
-1779.223
-1783.592
-1797.786
-1805.654
-1820.293
-1833.597
-1838.586
-1836.389
-1830.118
-1840.837
-1849.28
-1846.483
-1844.622
-1848.68
-1861.567
-1870.144
-1881.477
-1889.523
-1884.332
-1884.111
-1884.782
-1880.333
-1877.842
-1873.279
-1868.677
-1865.037
-1853.344
-1838.724
-1831.224
-1820.733
-1804.298
-1793.014
-1779.8
-1762.687
-1742.737
-1722.995
-1703.46
-1690.128
-1676.906
-1658.79
-1632.859
-1598.237
-1578.06
-1565.104
-1553.258
-1542.506
-1530.83
-1512.246
-1486.863
-1458.788
-1425.065
-1388.783
-1362.985
-1341.509
-1310.289
-1282.478
-1255.026
-1228.927
-1208.163
-1181.651
-1152.483
-1120.702
-1086.35
-1050.47
-1014.087
-983.2113
-943.759
-896.8661
-859.6514
-819.9661
-771.8511
-729.4405
-685.6481
-642.498
-607.9826
-565.9693
-515.5776
-469.9409
-437.9879
-410.5072
-371.4307
-313.9413
-254.3295
-200.6318
-144.7592
-94.74894
-51.51254
-9.946999
34.97129
75.18745
113.7724
155.7492
196.0626
233.7362
270.8089
315.2878
357.0549
390.1501
431.7065
476.5899
518.7456
560.2137
602.0026
639.1047
670.5909
704.547
731.9323
759.8478
793.2834
819.1513
850.568
887.4449
915.6948
943.4506
969.7184
990.5196
1016.939
1056.886
1093.148
1121.781
1150.902
1170.501
1189.726
1214.581
1240.977
1268.889
1287.292
1305.332
1324.014
1342.327
1370.275
1399.707
1428.598
1453.956
1469.832
1476.374
1485.728
1490.848
1494.801
1511.605
1529.057
1547.148
1559.865
1570.293
1584.466
1598.325
1608.874
1619.163
1634.197
1647.9
1648.293
1648.583
1658.772
1669.704
1673.368
1676.875
1678.23
1671.465
1663.707
1651.972
1651.323
1654.586
1658.702
1655.655
1650.559
1656.445
1650.142
1641.84
1639.571
1635.241
1632.882
1629.464
1632.003
1640.407
1634.583
1619.754
1608.06
1593.454
1572.983
1557.738
1549.638
1541.574
1537.545
1530.488
1520.45
1508.48
1490.608
1483.926
1470.262
1447.724
1436.452
1429.271
1418.118
1408.055
1403.067
1391.073
1377.185
1362.431
1343.828
1330.436
1324.174
1311.932
1298.803
1287.803
1277.898
1271.073
1258.279
1240.611
1226.145
1219.833
1220.547
1221.178
1209.727
1191.384
1164.256
1148.483
1137.888
1123.391
1112.054
1087.829
1065.916
1051.283
1042.816
1036.419
1032.061
1021.711
1002.461
987.4529
973.6203
957.946
944.4597
936.1281
926.8714
914.7043
902.6731
892.776
876.9808
858.3801
833.0189
800.0039
775.4564
765.246
760.1496
741.0879
723.2797
712.7065
695.2562
680.037
673.0151
665.0631
653.1959
642.4753
630.884
619.4361
612.1303
609.9023
605.6732
588.4744
572.5089
559.7587
536.1742
517.9258
510.9314
499.0159
487.2567
481.6522
466.1067
447.776
435.7046
418.7958
401.1258
380.7077
362.5854
355.7242
346.9491
332.2902
320.8403
309.55
296.4174
287.472
275.6492
262.9945
257.5215
254.1187
244.7539
235.5207
230.4176
227.3804
225.3772
214.392
204.5654
201.8799
199.2244
192.5985
183.0646
174.6685
169.393
166.1898
160.0267
144.9502
128.1003
111.5053
95.16253
86.06883
79.1118
71.25856
57.52352
47.99918
38.62045
26.38564
23.33996
18.34037
10.41763
7.617752
9.86107
3.068842
-8.617702
-11.1216
-23.58581
-39.85438
-51.86704
-62.68941
-65.33943
-69.9443
-76.47328
-80.89602
-87.24505
-92.49001
-93.64778
-85.78199
-77.03376
-75.41734
-70.82168
-67.29347
-75.8163
-84.20183
-83.45172
-87.70839
-97.89355
-107.9142
-111.7724
-111.5638
-109.352
-106.1681
-103.0277
-91.93014
-94.00014
-110.0323
-129.8082
-144.2682
-143.4944
-142.7241
-143.9575
-148.1632
-147.2946
-136.4309
-128.7284
-136.1385
-143.425
-130.5895
-104.9464
-89.69673
-85.6795
-86.71985
-89.73887
-91.70557
-91.63622
-78.56255
-80.68803
-94.77563
-97.63809
-104.4502
-109.15
-106.7701
-100.4211
-89.16504
-75.07921
-66.2085
-57.47215
-50.86858
-48.36494
-36.89747
-23.60657
-14.52142
-4.577024
1.212651
5.912019
14.5378
8.028275
-2.38026
-2.626431
8.131391
19.72106
19.12894
15.54492
14.01585
3.509789
-8.832736
-18.98237
-30.9727
-33.77433
-31.5303
-32.31939
-37.09429
-34.79257
-30.52469
-30.32152
-23.11974
-9.028849
-6.157042
-13.32963
-24.38965
-33.27585
-33.02158
-37.76934
-44.44088
-54.00583
-62.41851
-63.69641
-59.95065
-54.25974
-47.65434
-41.14908
-45.74279
-48.26222
-44.73955
-42.26915
-44.83476
-48.35776
-52.823
-57.21554
-50.53626
-45.95809
-46.44859
-37.9287
-28.53938
-26.29472
-36.08351
-56.7176
-79.02676
-89.98357
-87.76431
-95.57448
-108.2573
-111.7361
-121.1541
-132.4181
-133.4989
-139.5549
-147.5084
-132.3292
-114.3788
-112.7014
-104.0436
-103.5146
-109.9877
-114.3535
-119.6445
-118.846
-136.0529
-153.9837
-156.6259
-162.2178
-164.713
-163.1595
-161.6207
-160.0964
-175.5864
-195.8247
-203.736
-205.5121
-206.2483
-207.961
-197.6347
-195.4578
-201.3033
-209.0458
-231.6554
-252.899
-271.7966
-281.3837
-276.8047
-281.2809
-296.6707
-301.8033
-297.8381
-298.9171
-299.9618
-309.9725
-317.8089
-312.5045
-318.2644
-322.9157
-318.4757
-333.086
-347.4491
-355.5679
-367.5393
-379.3025
-389.8599
-401.23
-416.3991
-433.3074
-450.9267
-464.2448
-469.3281
-481.3045
-501.066
-504.49
-506.831
-506.1057
-506.3619
-511.5843
-506.6953
-505.8527
-518.9935
-528.8989
-529.6189
-533.2964
-554.8853
-580.105
-592.8976
-602.4559
-614.8299
-627.9748
-639.878
-657.558
-673.9239
-682.995
-688.8845
-687.6419
-690.3781
-703.031
-704.4454
-697.7962
-707.2096
-719.4347
-726.4269
-743.2674
-755.8016
-767.0961
-780.1694
-797.9931
-814.4919
-823.6858
-839.6878
-854.3911
-860.8149
-863.0878
-873.2747
-884.2514
-889.0049
-899.6321
-920.0406
-944.0771
-960.6833
-970.9743
-977.0477
-980.969
-992.7714
-1017.331
-1040.449
-1054.145
-1065.565
-1081.745
-1101.609
-1112.098
-1121.359
-1138.409
-1151.127
-1147.578
-1159.017
-1186.211
-1194.91
-1196.403
-1206.803
-1217.97
-1225.891
-1230.616
-1233.195
-1237.662
-1253.986
-1269.982
-1272.654
-1281.209
-1293.556
-1302.634
-1317.494
-1336.044
-1347.227
-1364.157
-1382.743
-1384.957
-1390.056
-1398.993
-1407.709
-1418.205
-1429.455
-1449.446
-1459.04
-1460.398
-1469.649
-1473.67
-1468.541
-1471.406
-1479.139
-1483.665
-1490.033
-1497.214
-1495.195
-1488.12
-1496.067
-1510.803
-1523.22
-1543.353
-1556.082
-1562.521
-1566.768
-1566.856
-1572.851
-1588.66
-1599.129
-1601.341
-1608.425
-1614.303
-1618.994
-1622.518
-1625.891
-1631.115
-1642.163
-1644.941
-1635.579
-1633.267
-1628.895
-1622.495
-1630.1
-1644.489
-1665.558
-1691.201
-1703.344
-1706.198
-1706.907
-1707.505
-1715.992
-1730.247
-1734.177
-1735.945
-1738.583
-1743.077
-1763.399
-1788.301
-1806.709
-1808.724
-1805.601
-1813.421
-1817.012
-1818.44
-1825.739
-1821.817
-1811.849
-1814.929
-1823.855
-1822.535
-1816.127
-1811.713
-1818.261
-1825.6
-1831.717
-1832.631
-1830.424
-1840.143
-1845.602
-1854.868
-1865.88
-1868.61
-1877.188
-1891.522
-1894.522
-1898.363
-1910.032
-1912.407
-1913.633
-1910.727
-1901.754
-1897.809
-1899.814
-1901.676
-1906.397
-1910.932
-1913.284
-1912.487
-1907.59
-1910.657
-1911.564
-1916.344
-1923.938
-1930.299
-1930.448
-1925.481
-1925.479
-1932.362
-1938.025
-1938.486
-1932.825
-1917.139
-1918.585
-1931.895
-1928.884
-1924.807
-1926.68
-1922.41
-1921.094
-1926.685
-1937.076
-1945.19
-1950.065
-1948.748
-1946.337
-1953.849
-1959.129
-1964.212
-1975.1
-1972.702
-1967.225
-1966.718
-1971.103
-1982.304
-1982.214
-1979.009
-1982.737
-1981.29
-1977.749
-1982.148
-1983.361
-1983.438
-1977.398
-1971.335
-1969.251
-1970.084
-1972.788
-1964.333
-1954.895
-1942.489
-1940.162
-1950.757
-1954.071
-1957.22
-1960.204
-1953.026
-1947.845
-1946.63
-1943.319
-1928.946
-1915.683
-1920.515
-1938.158
-1951.412
-1957.344
-1964.069
-1967.573
-1973.907
-1980.027
-1982.934
-1986.68
-1987.25
-1976.694
-1970.186
-1963.664
-1954.128
-1960.625
-1964.906
-1961.004
-1963.049
-1969.945
-1977.619
-1974.056
-1967.433
-1962.797
-1956.118
-1942.428
-1932.837
-1932.282
-1932.622
-1924.843
-1903.072
-1883.528
-1878.178
-1866.801
-1846.491
-1835.389
-1814.352
-1798.536
-1795.861
-1785.122
-1768.445
-1753.924
-1738.526
-1724.266
-1701.127
-1666.248
-1640.816
-1612.683
-1579.893
-1549.522
-1512.533
-1484.032
-1454.887
-1413.111
-1368.903
-1332.303
-1303.196
-1269.465
-1240.185
-1212.289
-1174.756
-1133.739
-1100.295
-1070.307
-1035.723
-995.6175
-952.0785
-909.1621
-867.8612
-830.1529
-787.9835
-734.425
-685.6581
-643.6108
-600.1811
-559.3929
-520.2075
-481.6023
-442.5705
-405.121
-363.2313
-321.9731
-285.3391
-249.2591
-201.7269
-154.9236
-117.8406
-81.32875
-47.38114
-12.95985
19.92573
57.29758
104.0836
160.1343
214.3019
261.6127
298.1708
330.1415
367.5944
401.4421
433.7385
472.506
512.6415
543.1213
572.0942
615.5819
668.3557
710.2675
730.4843
758.343
792.7229
813.5203
842.9457
877.8627
912.184
953.9166
983.9427
1002.443
1020.596
1049.406
1085.705
1120.374
1152.437
1179.933
1210.93
1236.373
1256.347
1273.936
1302.175
1331.898
1352.079
1372.866
1397.248
1417.168
1440.694
1472.769
1491.257
1503.369
1526.205
1544.594
1550.606
1565.433
1587.937
1603.997
1620.712
1637.071
1645.079
1654.866
1675.402
1699.52
1713.161
1716.49
1717.666
1722.722
1740.598
1749.093
1743.353
1748.599
1753.661
1752.541
1751.336
1761.046
1773.501
1771.657
1765.738
1765.808
1771.772
1773.539
1770.175
1767.759
1767.276
1769.697
1776.976
1781.037
1786.93
1792.626
1786.128
1776.626
1770.167
1766.705
1762.194
1743.649
1712.29
1692.32
1686.561
1680.792
1669.015
1654.323
1645.763
1643.239
1646.659
1647.928
1629.08
1610.43
1603.977
1588.529
1576.229
1566.028
1554.893
1552.841
1548.729
1541.59
1531.472
1514.421
1498.547
1488.833
1477.182
1462.625
1432.21
1400.184
1380.574
1359.19
1346.058
1336.052
1327.123
1319.255
1313.433
1303.623
1283.89
1262.389
1250.149
1240.026
1215.987
1194.252
1180.785
1171.459
1153.209
1135.176
1134.357
1136.485
1123.512
1108.675
1098.004
1085.435
1066.998
1054.785
1039.701
1018.79
1011.146
1002.561
989.0507
969.693
957.58
953.5994
945.6246
933.7188
913.9435
897.4227
881.1065
860.9927
843.1417
817.5195
756.2484
704.8877
689.2861
670.8871
659.7353
639.7185
605.9762
576.7241
551.8939
532.4182
527.2148
529.0616
532.8485
523.545
514.3557
497.2794
472.44
464.9599
452.5691
430.3447
406.4414
385.8867
370.6296
353.5886
329.7923
306.3476
276.2501
243.6056
222.4555
190.622
163.2734
154.3414
126.5397
99.16374
89.20867
69.40349
36.9029
18.90669
22.18986
14.42055
-8.228523
-25.5241
-36.54861
-46.39915
-61.09342
-87.55507
-120.5991
-141.1211
-149.3149
-151.3722
-159.3886
-174.2706
-186.9104
-194.3423
-203.6468
-224.7944
-240.5991
-251.1434
-256.5085
-248.7749
-247.1473
-255.5304
-257.7678
-262.9552
-269.0463
-275.0265
-279.8975
-284.676
-297.3633
-316.8353
-337.9852
-344.7856
-345.4597
-353.103
-366.6065
-370.8779
-373.0609
-382.188
-387.1504
-396.0126
-398.7134
-400.3487
-409.9349
-415.3476
-418.6516
-421.8794
-419.0321
-416.2045
-420.3966
-417.4985
-403.6212
-395.9364
-396.348
-396.73
-403.0826
-416.3125
-416.3117
-406.2865
-401.3937
-391.5534
-382.8435
-375.2468
-367.7464
-366.3414
-357.9366
-349.6419
-352.4558
-347.2052
-343.016
-339.8719
-336.7567
-343.6704
-341.4561
-340.2561
-339.0549
-325.8525
-312.8367
-300.0053
-287.3563
-281.8875
-283.4874
-273.0457
-260.7506
-265.6319
-265.4215
-263.1988
-263.9952
-262.7636
-259.5359
-254.3431
-256.2163
-249.0452
-234.9713
-226.1028
-215.3593
-213.7706
-216.1941
-203.567
-192.1248
-192.8496
-192.5518
-184.2472
-183.0613
-181.8831
-179.7125
-182.5653
-183.3628
-192.137
-198.7633
-201.2745
-198.7348
-188.2229
-180.8639
-180.6089
-184.3472
-188.0165
-188.6174
-190.1979
-187.7425
-184.3144
-188.9288
-189.4603
-184.9723
-182.5433
-186.1415
-194.6727
-197.0594
-189.3973
-177.8436
-174.4594
-171.1176
-164.8179
-158.6067
-146.483
-136.5395
-150.7431
-171.7164
-170.3527
-171.0002
-181.6276
-189.0787
-189.4026
-187.7102
-179.0332
-168.4809
-172.0832
-188.6192
-205.8863
-227.8722
-244.5021
-251.8583
-257.0851
-261.2153
-265.2658
-264.2375
-265.2097
-255.1511
-246.2343
-249.4421
-250.5851
-250.6956
-247.7895
-242.9142
-234.1007
-228.4107
-237.7959
-247.0209
-258.0876
-272.9666
-280.5976
-281.0933
-284.5647
-296.9653
-296.1551
-299.3401
-312.4578
-315.3527
-319.1839
-323.9367
-329.5963
-346.1483
-367.4219
-376.3424
-377.1017
-378.8269
-386.503
-401.0367
-415.3203
-435.3568
-451.0553
-461.4827
-473.7204
-476.7395
-473.6835
-479.6472
-502.4898
-511.9468
-509.2264
-512.5184
-513.7289
-520.8903
-531.9095
-546.7257
-568.2787
-590.4625
-606.2659
-608.7872
-623.2335
-639.4179
-642.3124
-656.1241
-670.682
-673.9734
-676.174
-678.3005
-672.354
-672.4606
-684.5259
-694.3629
-704.0057
-720.4568
-730.6091
-729.5602
-738.4847
-746.2266
-753.804
-761.219
-759.4736
-764.7107
-769.8212
-776.8068
-782.6379
-790.3319
-803.8596
-807.1291
-814.3001
-824.3113
-830.1179
-844.7852
-855.1742
-854.3509
-866.4902
-884.3894
-902.9576
-908.1833
-910.2741
-924.2788
-940.0107
-951.4421
-959.6394
-975.6525
-991.3587
-993.7615
-992.0686
-1001.344
-1011.415
-1023.27
-1040.88
-1059.155
-1072.082
-1090.745
-1107.053
-1116.041
-1126.824
-1135.372
-1146.72
-1168.824
-1181.515
-1186.938
-1203.207
-1226.152
-1248.667
-1268.757
-1288.46
-1302.78
-1310.8
-1317.618
-1329.252
-1339.627
-1344.761
-1341.736
-1341.68
-1349.545
-1360.208
-1373.625
-1387.752
-1399.577
-1410.136
-1425.446
-1450.435
-1475.949
-1488.978
-1498.716
-1511.214
-1526.429
-1540.316
-1554.897
-1569.159
-1580.107
-1589.79
-1602.229
-1616.381
-1629.216
-1641.755
-1655.002
-1666.946
-1677.605
-1690.999
-1705.085
-1715.851
-1718.349
-1720.706
-1729.925
-1738.899
-1748.63
-1759.107
-1767.317
-1773.295
-1780.075
-1784.645
-1771.039
-1769.541
-1785.962
-1788.022
-1790.945
-1798.718
-1808.263
-1828.553
-1848.419
-1856.867
-1862.074
-1870.09
-1877.871
-1881.421
-1885.804
-1891.009
-1901.021
-1915.765
-1926.167
-1931.293
-1931.226
-1940.046
-1950.615
-1952.904
-1957.043
-1961.002
-1966.784
-1954.36
-1945.015
-1957.701
-1965.074
-1971.216
-1974.146
-1972.915
-1977.587
-1991.07
-2015.225
-2042.885
-2057.994
-2066.746
-2072.241
-2079.528
-2096.579
-2104.241
-2107.66
-2113.901
-2122.921
-2126.676
-2126.247
-2129.699
-2124.973
-2123.195
-2130.319
-2138.207
-2139.847
-2136.335
-2135.752
-2141.052
-2147.145
-2153.015
-2156.668
-2153.137
-2156.535
-2168.753
-2180.653
-2196.239
-2207.453
-2208.362
-2204.127
-2210.829
-2222.296
-2229.453
-2233.367
-2227.089
-2227.777
-2238.324
-2239.574
-2241.673
-2246.607
-2253.332
-2272.819
-2281.869
-2281.644
-2291.288
-2295.646
-2298.801
-2305.773
-2311.499
-2315.001
-2313.312
-2315.514
-2311.544
-2315.501
-2326.259
-2330.713
-2339.961
-2343.926
-2340.692
-2341.371
-2352.901
-2358.114
-2357.105
-2369.975
-2385.504
-2387.65
-2380.623
-2387.566
-2402.26
-2411.583
-2422.619
-2430.341
-2430.799
-2428.108
-2423.315
-2418.454
-2419.527
-2425.441
-2435.12
-2440.505
-2440.662
-2440.673
-2441.541
-2447.251
-2457.728
-2464.897
-2466.81
-2464.548
-2461.176
-2456.712
-2457.172
-2465.481
-2463.515
-2458.435
-2463.289
-2473.922
-2481.245
-2474.307
-2461.332
-2461.414
-2469.35
-2475.017
-2476.45
-2477.715
-2470.815
-2469.877
-2476.807
-2470.484
-2470.114
-2479.604
-2481.801
-2482.817
-2488.672
-2495.289
-2492.655
-2480.917
-2477.215
-2457.425
-2434.799
-2421.382
-2407.032
-2397.763
-2389.498
-2381.222
-2379.934
-2373.526
-2355.079
-2346.781
-2343.474
-2330.08
-2308.758
-2300.633
-2290.499
-2267.389
-2244.505
-2219.846
-2196.44
-2181.27
-2167.207
-2141.237
-2102.545
-2072.332
-2052.469
-2031.795
-2010.323
-1988.068
-1971.042
-1943.166
-1912.61
-1880.417
-1848.616
-1827.202
-1793.014
-1757.253
-1727.947
-1693.995
-1640.474
-1578.689
-1541.776
-1513.346
-1472.271
-1428.749
-1382.822
-1336.529
-1298.879
-1276.739
-1251.87
-1213.314
-1168.288
-1112.895
-1053.299
-997.5704
-945.6516
-896.4863
-851.0345
-807.241
-761.0826
-721.5988
-680.688
-635.3747
-600.7303
-559.5905
-514.059
-464.2069
-412.1045
-363.7898
-312.2068
-258.4094
-201.4352
-141.3372
-86.16753
-35.85266
12.68011
65.45572
109.4049
147.6627
197.3155
246.1828
286.2741
327.7236
369.5078
404.619
430.1592
452.276
494.0216
544.0875
583.3411
628.9484
680.8079
724.8191
769.1016
809.6487
848.5162
889.728
925.2451
959.1543
999.4785
1033.116
1060.168
1095.735
1137.684
1174.913
1204.492
1236.539
1271.015
1298.878
1328.23
1360.047
1395.287
1428.896
1456.898
1492.377
1528.216
1555.406
1586.081
1619.184
1646.677
1671.644
1697.123
1723.106
1753.582
1778.479
1788.884
1804.022
1818.817
1827.275
1844.493
1861.335
1871.805
1887.001
1901.85
1907.355
1923.662
1939.602
1945.18
1953.556
1957.687
1969.639
1973.288
1969.764
1982.179
1995.284
1996.068
2002.722
2016.154
2024.258
2035.117
2050.687
2051.893
2046.96
2052.984
2063.793
2064.312
2060.702
2060.026
2058.24
2066.361
2075.233
2071.845
2068.388
2064.863
2056.271
2047.692
2036.127
2037.621
2037.973
2019.2
2003.601
2004.126
2012.526
2011.676
2000.721
1996.819
1991.861
1980.863
1965.919
1955.093
1953.32
1952.46
1944.499
1933.547
1931.653
1930.674
1926.597
1915.47
1895.404
1874.539
1852.889
1837.468
1823.178
1792.004
1761.211
1748.794
1735.468
1720.247
1708.162
1686.165
1667.412
1664.853
1665.236
1653.515
1630.88
1602.501
1573.47
1558.799
1550.265
1540.773
1527.338
1509.022
1489.903
1465.995
1451.373
1436.893
1410.554
1384.543
1364.856
1348.395
1326.112
1298.098
1264.444
1242.24
1235.309
1215.414
1179.757
1160.587
1146.647
1117.857
1093.45
1081.359
1071.392
1049.518
1031.924
1019.542
991.2939
960.4277
941.986
932.7764
925.6553
908.5908
892.7388
884.0814
863.5069
835.2022
805.2897
769.796
737.8102
711.2794
690.1204
678.2504
665.5256
644.9599
623.6769
600.6888
572.0237
541.7718
513.9595
490.5504
472.4773
454.6582
444.09
430.6604
415.4149
407.3824
389.4513
362.7766
344.4964
336.4808
319.5703
293.9046
273.6216
260.6386
257.8427
249.0752
239.4298
232.9205
218.4991
198.2895
185.3833
183.6673
174.9673
162.3926
150.0043
127.8002
109.9347
101.3412
88.87565
82.59915
80.41563
73.26141
62.21438
58.33588
50.51439
42.81184
57.22682
66.41376
56.45361
51.64537
58.90903
58.05601
44.21288
30.58289
13.16355
-9.985079
-22.77233
-29.35894
-34.84116
-43.23588
-51.49722
-53.62676
-56.71997
-53.76162
-50.84622
-55.97327
-62.01712
-63.96312
-69.87503
-79.69068
-79.34865
-75.00729
-73.72918
-75.46665
-63.17261
-48.06646
-53.19293
-62.23636
-72.13519
-70.87549
-63.63126
-58.49619
-56.43772
-57.40801
-46.3598
-29.48107
-15.86366
-10.45757
-6.135112
-1.879666
-7.690435
-9.410185
-5.102578
-8.861809
5.438072
25.51476
27.27703
24.01023
24.79294
30.56198
40.23931
45.76344
62.19878
91.3743
95.08972
95.74165
96.37779
98.99835
108.5722
110.9905
113.3646
117.695
123.9509
128.1021
137.1811
148.1105
148.8608
148.5907
154.316
154.943
151.5511
147.2032
147.9144
153.6057
156.1994
144.7434
141.4575
138.2145
129.0138
133.9491
139.7995
141.5505
128.2658
126.1807
131.1207
132.9759
134.7945
127.5767
133.4639
143.2515
136.8782
136.5961
154.3104
163.7395
167.012
175.2237
179.2972
186.2965
197.1758
203.874
192.4558
177.2042
182.1799
190.0673
195.8206
205.4728
205.9624
202.4323
207.9453
216.3601
221.6311
223.8069
223.9355
221.0491
215.1946
208.4187
204.7361
200.0988
200.5221
208.927
219.1886
217.2773
194.3831
179.8342
177.5015
177.1948
178.8824
178.5332
174.1789
169.8823
175.6426
181.3028
182.8642
188.3904
194.8195
197.1368
189.4065
179.7855
180.3039
182.8036
194.2536
207.5137
203.5549
207.6458
215.6608
206.5382
198.5455
184.6658
178.9915
183.3951
177.7194
169.1216
157.6478
144.3437
120.2384
93.50169
79.17623
76.06938
68.00649
62.06526
63.21298
50.3391
34.6629
31.22899
24.84676
15.56254
11.42211
7.345543
-6.667923
-30.46259
-27.8846
-10.34515
-18.07845
-28.69017
-41.13481
-50.38306
-54.48421
-62.51825
-69.42338
-76.21681
-88.89987
-110.38
-126.5189
-142.3988
-148.0229
-145.5506
-157.1082
-166.4765
-167.6889
-175.8726
-186.9184
-195.7811
-206.4941
-224.0279
-253.2753
-282.052
-293.3636
-302.4816
-317.4397
-328.146
-336.6661
-345.0336
-358.2504
-366.2401
-374.0838
-393.7832
-410.1524
-425.2424
-436.0722
-446.7075
-465.1508
-476.2793
-491.2063
-510.8717
-521.2006
-533.3377
-549.2545
-568.8907
-587.1875
-596.1645
-607.9665
-623.5487
-626.8514
-631.0657
-647.1772
-669.9996
-683.4268
-687.6044
-699.6766
-713.5195
-731.1047
-754.3728
-773.2339
-784.7555
-783.0514
-782.3278
-787.5694
-797.683
-809.5921
-821.2678
-835.7132
-844.8844
-857.8629
-874.5886
-890.0023
-903.1233
-914.9867
-924.6115
-939.0318
-953.1721
-961.036
-975.7209
-978.1195
-973.4231
-980.7427
-986.8905
-992.8845
-994.7267
-996.4816
-1006.151
-1017.61
-1020.831
-1017.941
-1034.037
-1063.821
-1084.078
-1093.956
-1101.615
-1109.09
-1113.384
-1122.545
-1135.498
-1146.182
-1165.632
-1180.71
-1192.484
-1210.004
-1231.18
-1248.953
-1257.376
-1268.593
-1274.561
-1268.361
-1273.183
-1294.855
-1308.113
-1311.087
-1313.938
-1316.668
-1326.277
-1336.658
-1346.799
-1356.703
-1361.372
-1367.888
-1375.223
-1386.362
-1398.247
-1407.863
-1419.248
-1432.371
-1437.205
-1444.879
-1462.349
-1474.461
-1472.297
-1470.08
-1479.811
-1491.303
-1509.529
-1519.381
-1519.991
-1526.502
-1537.821
-1547.873
-1545.678
-1540.426
-1541.166
-1543.803
-1540.308
-1539.777
-1547.164
-1551.344
-1546.368
-1546.379
-1557.298
-1566.956
-1576.37
-1591.546
-1603.391
-1611.958
-1620.296
-1635.409
-1649.19
-1660.659
-1666.852
-1658.85
-1653.876
-1650.881
-1651.837
-1665.68
-1667.21
-1660.617
-1665.03
-1671.276
-1679.326
-1686.152
-1694.772
-1701.159
-1696.345
-1691.507
-1695.645
-1697.619
-1699.462
-1701.176
-1694.764
-1688.352
-1695.941
-1717.311
-1728.248
-1728.912
-1737.464
-1740.78
-1743.943
-1749.954
-1758.767
-1775.34
-1776.551
-1762.637
-1760.838
-1771.962
-1783.809
-1793.367
-1791.669
-1783.893
-1786.134
-1785.234
-1786.243
-1800.132
-1805.698
-1809.071
-1815.286
-1811.296
-1811.263
-1823.123
-1824.691
-1828.127
-1840.402
-1845.378
-1843.167
-1836.883
-1837.588
-1849.174
-1855.472
-1854.561
-1850.555
-1838.504
-1832.532
-1840.545
-1850.325
-1859.843
-1868.104
-1881.126
-1880.834
-1866.437
-1868.153
-1872.734
-1876.132
-1880.368
-1879.426
-1882.389
-1892.195
-1898.736
-1901.064
-1907.244
-1915.215
-1919.949
-1928.497
-1928.798
-1923.982
-1927.126
-1928.109
-1930.963
-1936.658
-1940.152
-1945.476
-1952.604
-1943.505
-1936.433
-1945.358
-1947.03
-1953.56
-1951.874
-1938.1
-1925.426
-1919.836
-1928.221
-1930.361
-1931.355
-1933.22
-1933.941
-1924.538
-1913.168
-1907.863
-1899.528
-1900.211
-1908.772
-1914.087
-1917.206
-1923.164
-1928.916
-1934.465
-1942.813
-1941.917
-1938.921
-1944.857
-1951.587
-1959.096
-1970.373
-1979.359
-1973.088
-1958.799
-1950.617
-1941.447
-1935.307
-1934.148
-1916.894
-1905.795
-1901.757
-1891.671
-1880.63
-1873.651
-1876.67
-1869.532
-1851.395
-1827.432
-1799.734
-1782.363
-1772.157
-1755.006
-1743.02
-1738.117
-1722.189
-1699.407
-1682.881
-1665.513
-1641.318
-1616.403
-1589.781
-1572.481
-1562.358
-1542.301
-1516.466
-1493.944
-1469.685
-1440.718
-1414.118
-1395.849
-1371.783
-1330.011
-1290.811
-1252.147
-1217.012
-1173.353
-1112.305
-1064.144
-1025.67
-986.7355
-939.35
-892.6477
-849.6208
-815.2145
-785.2966
-738.7987
-686.9821
-637.9326
-600.6102
-574.834
-527.4259
-468.7256
-430.9126
-392.6636
-345.9877
-304.019
-264.6865
-228.9514
-188.7599
-139.1836
-87.37185
-33.3625
16.80703
58.19364
99.93178
143.0135
182.4154
233.1924
291.1643
341.2155
389.4666
442.9428
499.5595
550.2643
596.1465
645.2785
688.6067
725.2191
760.2182
789.6271
827.5311
872.7958
921.3036
962.0011
999.0079
1042.379
1076.013
1108.059
1137.541
1169.496
1204.884
1237.65
1275.832
1310.345
1337.242
1373.641
1410.392
1444.487
1486.966
1531.695
1566.637
1588.942
1616.806
1647.141
1669.906
1695.218
1723.035
1742.318
1763.198
1787.648
1813.612
1837.065
1856.044
1878.619
1903.731
1920.34
1930.577
1948.541
1961.11
1969.368
1987.381
2006.997
2027.189
2050.946
2064.213
2066.151
2068.938
2069.56
2067.05
2067.457
2074.737
2092.782
2108.422
2115.694
2117.729
2111.608
2107.457
2102.247
2092.994
2077.762
2066.646
2062.581
2069.458
2091.106
2107.294
2113.105
2109.702
2100.228
2091.778
2090.337
2083.795
2064.233
2049.854
2043.578
2040.281
2044.914
2043.355
2036.7
2031.029
2026.327
2022.579
2010.771
2003.028
1999.288
1991.489
1983.694
1978.903
1978.071
1978.136
1969.084
1959.056
1950.07
1934.109
1913.283
1896.669
1880.202
1857.882
1843.8
1834.829
1813.89
1780.171
1754.872
1730.865
1713.13
1705.571
1693.029
1668.583
1643.42
1623.552
1593.899
1568.614
1553.631
1536.79
1520.121
1494.622
1459.433
1428.706
1409.375
1395.262
1379.286
1365.479
1345.806
1321.361
1294.219
1212.424
1136.832
1119.352
1098.078
1073.071
1058.391
1055.877
1054.341
1041.766
1022.326
1015.129
1012.985
1002.814
989.7427
974.8169
955.0665
937.5677
920.2865
899.2204
882.4298
865.849
849.4757
825.3076
798.4677
781.9991
764.7411
742.7071
723.9728
705.488
684.2497
664.3023
642.6266
622.251
602.1563
582.3394
562.7972
544.5263
517.5083
508.8809
508.358
491.8134
476.4977
456.3927
435.5741
418.0544
401.7831
381.7418
364.9904
351.4785
335.1566
317.0694
298.2454
279.6973
261.4218
243.4158
227.6761
213.1683
197.874
176.8065
156.057
139.6216
125.4342
130.4606
135.4009
128.2563
119.2154
104.3085
84.62779
72.24882
68.05853
56.92955
33.97068
6.367641
-11.80556
-21.69482
-32.42867
-45.99331
-61.34383
-76.45149
-82.31919
-87.0906
-98.7825
-116.2864
-132.5106
-141.4742
-152.2897
-169.9277
-188.2808
-198.3368
-200.2244
-204.0708
-212.8452
-212.4703
-207.0888
-209.779
-214.4149
-219.9659
-215.4175
-209.9272
-212.5103
-210.0405
-205.5969
-207.2105
-204.7867
-203.3887
-211.0004
-211.4812
-213.942
-224.3519
-230.5863
-232.71
-238.7869
-234.755
-232.7722
-243.8066
-252.6547
-258.35
-261.9414
-265.4613
-260.9108
-259.416
-262.9291
-253.372
-238.9489
-230.7366
-223.6387
-218.6383
-215.7029
-213.8005
-212.9153
-216.0313
-214.086
-201.1585
-193.4206
-195.7919
-199.1148
-202.3741
-205.5707
-194.7055
-199.9981
-215.1964
-210.1452
-197.1604
-176.3664
-157.8861
-156.6845
-161.4925
-160.216
-146.95
-134.8822
-129.9944
-129.1752
-132.3612
-128.4897
-125.671
-124.8889
-115.1116
-102.4799
-103.039
-109.5834
-110.0193
-108.4419
-102.8828
-100.4042
-104.9584
-111.4354
-114.8049
-116.1152
-114.3981
-104.7011
-90.14913
-78.81861
-68.66006
-65.6558
-66.6945
-64.7131